114,3
114,1
77,3
77,1
76,3
76,1
21,3
21,2
21,1
21,0
20,3
20,2
20,1
19,3
19,2
19,1
18,3
18,1
17,3
17,2
17,1
16,3
16,2
16,1
15,3
15,2
15,1
14,3
14,2
14,1
13,3
13,2
13,1
12,3
12,2
12,1
11,3
11,2
11,1
10,3
10,2
10,1
9,3
9,2
9,1
8,3
8,2
8,1
7,13
7,12
7,11
7,10
7,9
7,6
7,5
2,2
2,1
7,4
7,3
2,3
7,2
7,1
6,6
6,5
6,4
6,3
6,2
6,1
5,4
5,3
5,2
5,1
4,87
4,86
4,85
4,81
4,76
4,75
4,66
4,40
4,39
4,33
4,32
4,31
4,29
4,24
4,10
4,8
4,7
4,4
4,3
4,2
4,1
3,3
3,2
3,1
0,0
116,34
116,33
116,32
116,31
116,30
116,29
116,28
116,27
116,26
116,25
